$ANSIBLE_VAULT;1.1;AES256
37333931356230333864366432396533386465656537393038663861633032363632336635616536
3037626436376438643962316133653832303763646439630a353833333664646130633365336336
35303763326530396535323964363535663439366239633861313031343238333234633231346165
3537653065636637370a633930383066326430373161356635363865333163633661303437306462
39366465363433633637303864613463393439643134636366626537633463646432386265346339
32663664623364356334393364656336666633666336646432356430626233353032393530633462
64373139303439656332363963616662313333666430623561633262313661333932616336333039
34656533343961343033363539323737326565316234653765313465343933393035383261383561
65633339313334393938663263343739393561363963316562353738313465353736653038353935
65333830343636653861363761373139666339356465643139636531373539366335646237633062
61326230636531396133666631623563336133306336646337643237356364313334353833646532
33643362303138633038313834386261613031623137386663313533373032333731396239613339
31626566613131393566396232613533306662353338396466353534353065653134663539326531
35643266623937346535636336393037623434393936643137386166343431643562333662623038
35646563373634653965376665363733646134306162643238323363346236373066356536663561
66656366616363373166323234316232623361633434346339303138313664303865333362623164
63323136326332666663326464393630623130323838633637663666303334316666336334386139
66343963373739663838383032333961333662653631303232633036323666306530316661653066
61326335623630323537643462393466373832336262383735316331646666623731373334663030
35346237303564646233316230393261653464643439633163623035316332623436373538303961
64616364643936636137373165333964653637616437623066373131666639343931656665653232
62383030303831303031306338333433393238653063343530386363346664393261653031303365
62343662356330396535326337313338373939623861616266376438653264613039336533326164
31613962326631303637633865333837636430343334396666363335636538366563306263623262
6232
